100
845580 915477
455345 132233
342049 773981
-311258 -153425
-1 -1
-2 -2
-187401 -884428
662976 0
-937382 0
-616593 -17282
841547 -887563
-163802 -878579
-2 0
-528320 -379793
-781550 -643892
289482 -293723
-40988 -957257
211682 57835
124574 -438964
-634672 -309200
-361356 397956
913446 681659
434159 -570577
-2 -1
42679 203278
-659772 -665567
965746 -978248
146962 3972
1000000 1000000
-2 1
774508 381862
0 314997
-1000000 -1000000
-361525 468871
998801 -571896
-1 1
857004 -421863
1 -1
865114 150418
-959192 0
0 -1
659986 -218120
-115594 -929943
-907061 384805
97579 -220807
469458 -219467
130977 293553
379033 637199
-596895 -635030
302201 -129075
98407 -127759
-935505 47714
0 656870
994649 890768
919311 442184
-1 0
541779 141625
-542135 -837458
-491206 414941
-872306 702675
-277668 -882166
-485303 72019
78743 344261
-307448 723138
-452462 -150098
995199 853309
824096 703439
0 1
-432187 -704015
765761 0
-167924 263875
-393819 798276
-773620 -986807
748635 -168740
487258 -573815
550933 538457
4322 163266
411387 -543258
-374441 -78168
774871 577010
1 1
-18539 -718039
450869 452971
0 -299852
-981077 -645830
-205659 652284
257702 753318
374550 -916582
450868 452971
0 -2
662975 0
-68230 479746
1 -2
1 0
-1 -2
1398 481318
-139230 548476
949805 303938
17165 -395019
-853480 -663556
