25
2 20
15 17
1 1 18
12 2 15 1
10 2 6 12
11 1 10
6 1 11
14 1 6
2 1 14
4 1 2
18 2 3 4
3 1 18
5 2 3 3
19 1 5
7 2 13 19
13 1 7
20 2 11 13
15 2 5 20
16 2 11 15
9 1 16
8 1 9
17 1 8
2 9
13 13
13 1 13
13 0
13 1 13
13 0
13 2 13 13
13 0
13 1 13
13 1 13
13 1 13
3 3
1 1 1
1 0
1 0
1 0
1 4
1
1 0
1 2 1 3
2 0
3 1 2
3 19
1 1 1
1 0
1 0
1 0
1 0
1 0
1 0
1 1 1
1 1 1
1 1 1
1 1 1
1 1 1
1 1 1
1 1 1
1 1 1
1 1 1
1 2 1 1
1 2 1 1
1 2 1 1
1 2 1 1
2 15
1 3
2 1 3
2 1 1
1 2 2 2
2 0
2 3 1 1 2
1 2 3 1
3 2 3 3
1 1 1
3 1 3
2 2 3 2
2 2 1 1
1 1 1
1 1 1
3 2 3 3
2 3 1 2 2
1 1
2
1 3 1 2 3
3 20
3 2 3
2 3 1 3 2
3 2 3 1
3 0
1 1 1
1 0
2 1 1
2 2 3 1
1 3 1 3 2
3 1 1
1 1 3
2 1 3
3 2 3 1
3 0
1 1 2
1 0
3 0
1 0
1 0
2 3 1 2 2
1 1 3
20 15
4 3 2 5 3 2 5 1 5 1 3 2 3 4 4 3 1 5 5 5
3 4 1 4 4 4
1 1 2
1 0
2 0
1 1 1
5 2 4 1
5 0
1 1 3
2 2 1 2
3 2 5 1
2 1 2
3 0
5 1 3
5 3 3 4 1
2 2 3 2
3 10
2 2 4
4 2 5 6
2 4 4 4 2 5
1 0
6 0
5 2 4 6
5 1 1
2 0
3 0
1 0
2 3 2 3 1
3 15
1 2 2
1 0
3 0
2 1 1
2 2 2 1
2 1 1
1 0
1 0
3 2 1 1
1 1 2
2 5 2 2 1 1 3
2 1 2
1 2 2 3
2 1 2
1 1 2
3 2 3 1
10 20
1 2 3 4 5 6 7 8 9 10
5 0
6 1 6
9 0
4 1 4
8 0
7 1 7
6 0
10 1 10
1 1 1
2 1 2
2 0
10 0
4 0
1 0
5 1 5
3 0
8 1 8
3 1 3
7 0
9 1 9
3 5
2 2 1
2 1 1
2 1 2
1 4 1 2 2 2
2 0
1 0
2 13
2 2
2 1 2
2 0
2 0
2 1 2
2 2 2 2
2 1 2
2 3 2 2 2
2 0
2 0
2 0
2 1 2
2 0
2 1 2
3 10
1 2 2
1 1 1
1 0
2 4 1 2 2 2
2 1 1
1 3 2 1 1
2 1 1
1 2 1 1
1 0
1 0
2 2 1 1
1 20
3
1 1 3
3 0
4 0
2 0
2 2 2 1
3 0
3 1 1
3 1 3
4 2 1 3
4 1 2
1 1 1
3 2 2 3
2 5 1 4 3 1 4
3 0
2 1 3
2 0
2 4 4 3 2 1
1 2 4 4
1 2 2 2
4 0
1 1
2
2 0
1 1
2
2 3 1 2 3
3 20
3 3 3
3 2 1 1
2 3 3 2 1
3 1 2
2 1 2
3 0
1 0
3 2 3 2
3 2 1 2
1 1 1
2 1 1
2 1 2
2 0
1 2 2 3
2 1 1
2 0
3 0
1 1 3
1 0
3 1 3
2 0
3 20
18 19 6
18 3 4 12 3
16 2 12 20
2 1 1
13 3 5 3 7
20 4 12 11 11 14
9 1 8
15 3 11 5 6
10 2 17 3
1 1 19
5 1 13
3 1 9
12 4 16 8 1 14
14 1 2
17 2 2 16
6 1 17
19 2 15 4
4 1 18
11 2 9 12
7 1 10
8 1 15
3 20
3 3 3
2 1 1
3 1 3
1 0
1 2 1 1
2 4 1 1 1 1
3 0
3 0
3 1 3
1 0
2 1 1
1 1 1
3 0
1 5 3 2 3 1 2
3 4 3 1 1 2
2 2 2 2
3 2 2 1
3 2 3 3
3 0
2 1 1
1 0
23 5
2 2 1 2 3 4 4 4 4 2 1 3 2 2 2 2 2 1 3 1 4 4 1
4 1 2
2 4 1 2 3 4
1 1 1
4 0
1 0
1 1
2
1 1 1
1 2
2
2 0
2 1 2
2 20
4 1
3 1 1
1 0
3 3 4 2 3
1 2 1 1
3 3 3 4 2
4 1 3
3 2 1 2
3 4 1 2 2 1
1 5 1 4 2 1 2
3 2 2 1
2 0
2 1 1
1 1 3
4 0
3 4 2 3 2 2
4 1 1
4 2 3 2
4 0
2 1 3
2 0
