20
2
0 3 0 2 10 2 3 -2
10 3 2 3 8 7 2 0
3
2 1 0 5 10 2 4 0
0 3 0 2 7 1 1 2
3 3 0 5 1 1 2 0
2
3 2 0 2 9 2 3 0
6 1 1 4 6 3 -1 -2
6
3414 2 -25 61 326 54788 -7 61
181452 8 -10 3 6717 12710 2 -498
223505 8 -62 77 280 13242 5 595
101271 3 -16 37 8692 213187 -4 -883
265384 8 -81 89 3249 13934 -5 -37
197549 4 -3 78 2761 22851 -10 560
5
1970 6 -26 -25 272868 454 1 -41258
154 10 -29 -21 1000000 454 9 100000
3332 3 -13 -12 360032 454 0 -14160
1970 6 -13 -12 111332 454 0 26134
154 10 -13 -12 339280 454 0 47798
2
30042 9 -1 7 1000000 19678 9 100000
235964 10 -2 -1 381504 11254 1 -22122
10
13687 10 -49 49 554168 45351 -10 22370
63214 10 -84 2 289624 7636 0 52937
143964 10 -57 -28 869629 38075 -2 -77737
33811 10 -69 39 135485 1638 -8 56259
92673 10 -54 8 85919 11630 9 33914
105639 10 -63 73 127384 11002 -5 -6898
2938 10 -83 -18 968226 23902 2 -90316
201360 10 -63 58 846703 4777 -10 5707
197176 10 -84 -38 931198 20002 -7 -34461
129640 10 -89 33 777225 481 5 60052
10
76215 10 3 86 951847 15773 8 -35060
76215 10 -53 21 13372 15773 8 58390
76215 10 -23 80 643015 15773 4 -53335
76215 10 14 33 921610 15773 -1 26417
76215 10 -37 -10 793693 15773 1 -71952
76215 10 -65 -60 837760 15773 -9 41528
76215 10 -78 46 871315 15773 3 -25933
76215 10 -47 11 936799 15773 10 10930
76215 10 73 98 377857 15773 4 65475
76215 10 -100 74 394887 15773 8 -21275
10
12309 10 12 68 756780 18566 -3 28724
12309 10 -22 -16 662439 18566 2 -59184
12309 10 -66 -57 376927 18566 3 -10312
12309 10 11 71 208557 18566 10 77129
12309 10 -51 55 283194 18566 5 84682
12309 10 -85 18 846622 18566 -7 -72041
12309 10 45 64 35497 18566 9 18100
12309 10 52 85 958629 18566 -5 -80258
12309 10 -90 81 418472 18566 3 -28906
12309 10 81 83 658541 18566 -2 95465
10
29535 10 23 73 702470 31766 1 30998
45449 10 5 40 818240 35107 9 -75926
8797 10 -63 -52 66366 15293 8 3369
3878 10 -78 15 409143 26451 -2 10663
149998 10 -15 4 521571 18352 -2 87941
99388 10 14 82 194770 7481 -1 -2710
4143 10 48 88 927075 12932 4 -52778
39696 10 -61 -25 897670 1863 0 -92631
169395 10 -12 99 523629 4769 -6 -39837
53669 10 -26 54 776936 1076 -1 31922
10
6119 10 49 77 883601 2782 -8 -33181
6119 10 49 77 798021 2782 -8 -39343
6119 10 49 77 563677 2782 -2 25823
6119 10 49 77 62277 2782 -2 5486
6119 10 49 77 928374 2782 8 -84813
6119 10 49 77 654439 2782 -2 67492
6119 10 49 77 785934 2782 2 -66468
6119 10 49 77 506020 2782 2 24198
6119 10 49 77 957856 2782 8 -85615
6119 10 49 77 270122 2782 -4 -25697
3
32189 9 -46 62 8809 57941 -4 -897
108735 4 -49 -24 9414 67078 1 151
67290 8 40 76 1086 9958 0 138
4
182170 5 -93 29 3160 41796 1 -299
145158 4 -31 -16 7261 45971 -7 -701
13377 8 -99 74 9622 4229 -6 -922
6506 3 -47 23 7982 104661 4 -888
5
17480 6 36 68 7978 13612 -4 118
162888 2 -100 -11 2972 16507 1 224
47408 8 -100 -94 8586 13160 -9 -886
364211 3 -37 56 3488 33517 -6 462
82958 7 20 74 457 24491 -3 913
1
4640 3 -5 81 7555 74616 -1 933
10
76747 4 57 69 1658 144730 7 413
147230 6 67 96 3973 19884 -5 -555
9677 4 -5 62 9006 4070 -9 669
85964 6 66 68 6622 54512 -1 -2
27530 8 -99 29 9449 25718 10 882
113984 5 -28 86 3406 14884 -6 -641
13506 2 70 90 8148 42912 -4 171
15071 3 -39 77 2510 56019 4 941
30900 5 -27 59 9790 114930 8 -515
76727 3 -5 51 6442 80830 -2 -925
8
21969 3 70 82 9953 10062 4 -865
24038 9 -81 5 9543 8753 -1 -882
55797 5 -27 70 7116 4218 1 -844
241639 9 33 90 2541 10401 2 395
24613 6 -76 94 6051 2929 3 -751
78040 6 61 68 3315 46096 -6 230
40212 6 39 82 7641 47286 -6 -693
108024 2 20 39 3971 16324 -3 780
10
465274 5 14 33 5321 15298 -1 -946
6428 8 -80 -60 1836 286 3 -74
73446 10 -50 -25 5613 4330 -6 272
163729 8 -81 28 9054 52844 9 226
10637 4 -94 25 3051 63362 -6 -847
136689 4 -42 39 4023 149517 5 363
20861 9 41 100 3205 1446 7 533
11033 1 -31 62 9278 379 -10 915
44690 7 -5 93 6598 11844 10 -770
8978 8 -41 81 6418 4230 6 232
3
60827 8 -77 -26 9252 21783 8 -975
82736 7 -47 18 9668 57470 -1 -494
2655 10 -79 7 6212 22972 -3 841
7
36325 7 41 77 2691 17104 5 831
98832 3 94 95 4211 28526 0 545
92965 9 72 75 5700 59645 -2 899
133235 7 16 96 9741 7868 2 -742
126336 1 -64 57 3957 4447 -8 416
138705 10 -92 92 5299 8684 9 -526
113144 6 -79 -67 9523 37683 -1 212
